bn_nbc_0039.v4_wordsList.txt
10 14.9253731343 49.3034825871 38.373742149

bn_voa_0149.v4_wordsList.txt
5 38.4615384615 50.0 62.6373626374

pt_nt_6609.v4_wordsList.txt
12 10.0 68.8269459299 18.4208683473

pt_nt_5809.v4_wordsList.txt
20 10.582010582 53.2717246443 36.3062696396

nw_chtb_0139.v4_wordsList.txt
7 17.9487179487 71.1111111111 38.2847038019

nw_chtb_0289.v4_wordsList.txt
15 44.1176470588 83.8235294118 30.9803921569

nw_wsj_2349.v4_wordsList.txt
2 40.0 73.3333333333 73.3333333333

bn_cnn_0089.v4_wordsList.txt
6 35.2941176471 50.9803921569 46.4705882353

bn_voa_0069.v4_wordsList.txt
4 11.7647058824 62.6470588235 36.7647058824

nw_chtb_0109.v4_wordsList.txt
2 14.2857142857 100.0 75.5102040816

nw_wsj_2369.v4_wordsList.txt
14 10.6870229008 70.2877275396 31.0445962234

bn_pri_0029.v4_wordsList.txt
8 7.76699029126 82.5404530744 16.526429342

bn_pri_0009.v4_wordsList.txt
14 48.275862069 47.8448275862 67.5456389452

bn_cnn_0169.v4_wordsList.txt
4 50.0 58.3333333333 60.0

bn_cnn_0049.v4_wordsList.txt
8 20.5128205128 56.2393162393 45.2214452214

bn_voa_0089.v4_wordsList.txt
3 60.0 53.3333333333 73.3333333333

bn_cnn_0109.v4_wordsList.txt
5 45.4545454545 68.1818181818 47.7272727273

bn_cnn_0069.v4_wordsList.txt
6 18.75 78.125 26.6203703704

wb_eng_0009.v4_wordsList.txt
22 3.125 77.5829258927 11.1627287371

bn_voa_0219.v4_wordsList.txt
1 50.0 50.0 100.0

bn_pri_0089.v4_wordsList.txt
6 21.4285714286 77.5510204082 36.0544217687

nw_wsj_2346.v4_wordsList.txt
7 15.5555555556 63.0864197531 32.0430107527

nw_wsj_2324.v4_wordsList.txt
6 60.0 80.0 60.0

bn_cnn_0159.v4_wordsList.txt
4 44.4444444444 88.8888888889 36.1111111111

bn_cnn_0149.v4_wordsList.txt
7 50.0 78.5714285714 42.2077922078

nw_wsj_2362.v4_wordsList.txt
6 5.50458715596 54.8530376753 43.3120595665

pt_nt_4009.v4_wordsList.txt
42 17.8723404255 60.1458556375 31.5764588777

bn_abc_0069.v4_wordsList.txt
5 6.66666666667 71.098989899 24.6549707602

bn_mnb_0019.v4_wordsList.txt
25 29.0697674419 54.0697674419 36.2726098191

bn_abc_0049.v4_wordsList.txt
6 75.0 66.6666666667 100.0

bn_voa_0109.v4_wordsList.txt
3 27.2727272727 87.8787878788 32.7272727273

bn_cnn_0219.v4_wordsList.txt
7 7.69230769231 79.2160220732 25.2161172161

nw_wsj_2380.v4_wordsList.txt
2 100.0 100.0 100.0

nw_wsj_2368.v4_wordsList.txt
4 25.0 83.75 29.4642857143

wb_c2e_0039.v4_wordsList.txt
59 60.2040816327 94.2176870748 41.040592061

bn_voa_0049.v4_wordsList.txt
11 21.1538461538 80.1282051282 42.1153846154

nw_wsj_2383.v4_wordsList.txt
12 40.0 86.1111111111 31.1111111111

nw_wsj_2363.v4_wordsList.txt
15 21.7391304348 86.5514678558 16.6432912576

nw_wsj_2376.v4_wordsList.txt
20 10.8695652174 64.9089557785 33.4239130435

nw_wsj_2371.v4_wordsList.txt
2 33.3333333333 100.0 33.3333333333

bn_cnn_0079.v4_wordsList.txt
3 27.2727272727 78.7878787879 35.3535353535

nw_wsj_2320.v4_wordsList.txt
12 16.0 48.4001380262 36.2729044834

nw_wsj_2352.v4_wordsList.txt
5 38.4615384615 50.0 62.0512820513

nw_chtb_0189.v4_wordsList.txt
6 37.5 75.0 39.5833333333

nw_chtb_0239.v4_wordsList.txt
4 28.5714285714 78.5714285714 66.2337662338

bn_abc_0059.v4_wordsList.txt
3 100.0 100.0 100.0

nw_chtb_0259.v4_wordsList.txt
5 14.7058823529 50.4036908881 61.1764705882

pt_nt_4019.v4_wordsList.txt
48 32.2147651007 65.2430343706 40.7407407407

nw_wsj_2378.v4_wordsList.txt
5 29.4117647059 74.5098039216 37.556561086

bn_cnn_0189.v4_wordsList.txt
3 33.3333333333 66.6666666667 59.2592592593

mz_ectb_1009.v4_wordsList.txt
35 8.15850815851 68.0504749235 27.0117722948

mz_ectb_1029.v4_wordsList.txt
18 11.320754717 76.0676849356 21.2788259958

bn_voa_0249.v4_wordsList.txt
2 66.6666666667 55.5555555556 100.0

pt_nt_4419.v4_wordsList.txt
52 20.6349206349 72.8020096928 24.5630912298

bc_phoenix_0003.v4_wordsList.txt
42 5.86592178771 66.7266673992 23.6068419644

nw_chtb_0049.v4_wordsList.txt
8 9.19540229885 55.938697318 46.6666666667

nw_chtb_0119.v4_wordsList.txt
5 29.4117647059 68.9075630252 38.4615384615

nw_chtb_0089.v4_wordsList.txt
8 50.0 82.8125 40.1785714286

bn_voa_0009.v4_wordsList.txt
18 10.5882352941 80.1673973937 23.6974789916

bc_msnbc_0007.v4_wordsList.txt
163 11.1262798635 16.5117147371 89.7709072252

pt_nt_4319.v4_wordsList.txt
56 20.0716845878 56.4960405404 29.4872993611

bn_cnn_0419.v4_wordsList.txt
4 66.6666666667 50.0 100.0

pt_nt_4109.v4_wordsList.txt
31 11.1510791367 65.2618248272 27.6810327439

nw_wsj_2344.v4_wordsList.txt
23 41.8181818182 67.296969697 41.7316017316

bn_pri_0099.v4_wordsList.txt
3 37.5 100.0 34.375

bn_cnn_0009.v4_wordsList.txt
2 100.0 100.0 100.0

nw_wsj_2388.v4_wordsList.txt
4 57.1428571429 57.1428571429 80.9523809524

bn_cnn_0359.v4_wordsList.txt
4 5.19480519481 89.6103896104 34.1743970315

bn_nbc_0019.v4_wordsList.txt
2 10.0 62.5 51.5384615385

bn_cnn_0389.v4_wordsList.txt
13 13.2653061224 62.4441205053 37.7438887643

nw_chtb_0209.v4_wordsList.txt
8 22.8571428571 90.2857142857 21.038961039

nw_wsj_2321.v4_wordsList.txt
8 8.33333333333 75.3837719298 30.78125

wb_a2e_0009.v4_wordsList.txt
51 9.10714285714 70.750869888 22.4025247683

bn_pri_0039.v4_wordsList.txt
27 24.3243243243 66.6971482761 25.375657083

bn_voa_0209.v4_wordsList.txt
3 42.8571428571 85.7142857143 65.7142857143

bn_voa_0129.v4_wordsList.txt
4 66.6666666667 66.6666666667 58.3333333333

nw_wsj_2393.v4_wordsList.txt
9 39.1304347826 74.6376811594 39.1304347826

nw_wsj_2382.v4_wordsList.txt
7 14.8936170213 83.2705946536 25.0253292806

nw_wsj_2381.v4_wordsList.txt
14 11.5702479339 70.9090909091 28.4352011625

bn_cnn_0239.v4_wordsList.txt
9 27.2727272727 70.5050505051 36.6161616162

nw_wsj_2377.v4_wordsList.txt
27 17.5324675325 88.1862964622 16.2104082967

nw_wsj_2358.v4_wordsList.txt
19 23.1707317073 59.7793263647 36.9606003752

pt_nt_4219.v4_wordsList.txt
58 19.1419141914 88.1524030493 15.5896234785

nw_chtb_0179.v4_wordsList.txt
3 8.10810810811 65.990990991 25.4054054054

pt_nt_4509.v4_wordsList.txt
17 7.52212389381 67.8431920509 34.1479728339

nw_wsj_2389.v4_wordsList.txt
3 50.0 83.3333333333 66.6666666667

nw_wsj_2354.v4_wordsList.txt
10 12.8205128205 82.9700854701 21.8337218337

bn_voa_0059.v4_wordsList.txt
4 25.0 80.9523809524 38.3928571429

bn_cnn_0259.v4_wordsList.txt
7 30.4347826087 68.115942029 35.0383631714

tc_ch_0019.v4_wordsList.txt
28 13.5265700483 43.8935705476 47.5152278933

bn_cnn_0249.v4_wordsList.txt
1 9.09090909091 78.7878787879 59.595959596

nw_chtb_0149.v4_wordsList.txt
6 26.0869565217 92.3913043478 38.7351778656

nw_chtb_0199.v4_wordsList.txt
4 66.6666666667 66.6666666667 83.3333333333

nw_chtb_0039.v4_wordsList.txt
10 19.2307692308 70.1923076923 39.4505494505

nw_chtb_0029.v4_wordsList.txt
3 13.6363636364 74.5454545455 32.8282828283

nw_chtb_0269.v4_wordsList.txt
10 19.6078431373 68.7581699346 40.9387997623

bn_cnn_0209.v4_wordsList.txt
2 28.5714285714 62.8571428571 77.1428571429

bn_cnn_0099.v4_wordsList.txt
2 100.0 100.0 100.0

nw_wsj_2335.v4_wordsList.txt
4 26.6666666667 63.3333333333 40.0

bn_cnn_0349.v4_wordsList.txt
13 18.3098591549 91.1881545684 27.6273022752

bn_pri_0109.v4_wordsList.txt
12 41.3793103448 75.4789272031 42.0062695925

nw_chtb_0159.v4_wordsList.txt
6 18.75 70.3125 38.244047619

nw_chtb_0319.v4_wordsList.txt
1 50.0 50.0 100.0

nw_chtb_0229.v4_wordsList.txt
4 26.6666666667 42.0512820513 88.1481481481

bn_pri_0059.v4_wordsList.txt
2 100.0 100.0 100.0

bn_voa_0259.v4_wordsList.txt
4 10.2564102564 69.2307692308 30.7692307692

nw_wsj_2334.v4_wordsList.txt
15 71.4285714286 76.9230769231 68.4523809524

bn_voa_0019.v4_wordsList.txt
3 100.0 100.0 100.0

bn_voa_0179.v4_wordsList.txt
17 21.5189873418 53.9000262451 34.8890611097

bn_cnn_0369.v4_wordsList.txt
5 27.7777777778 86.1111111111 25.6944444444

pt_nt_4209.v4_wordsList.txt
77 19.8966408269 74.938888033 24.2243999155

nw_wsj_2326.v4_wordsList.txt
11 17.7419354839 78.6290322581 26.5806451613

bn_voa_0039.v4_wordsList.txt
4 16.0 64.0 35.7647058824

bn_cnn_0429.v4_wordsList.txt
19 26.7605633803 70.6103286385 30.9117865085

nw_chtb_0249.v4_wordsList.txt
6 11.5384615385 75.0 38.9423076923

bn_mnb_0009.v4_wordsList.txt
7 13.2075471698 76.5408805031 28.3939254487

bn_abc_0039.v4_wordsList.txt
2 66.6666666667 55.5555555556 100.0

bn_abc_0009.v4_wordsList.txt
8 15.3846153846 57.7106227106 31.2344913151

nw_wsj_2338.v4_wordsList.txt
19 17.4311926606 49.74164294 33.4181993767

nw_wsj_2373.v4_wordsList.txt
1 5.88235294118 65.2287581699 58.371040724

pt_nt_4609.v4_wordsList.txt
26 13.829787234 71.9432163581 32.68321513

bn_voa_0029.v4_wordsList.txt
5 45.4545454545 69.696969697 53.2467532468

nw_chtb_0279.v4_wordsList.txt
8 9.75609756098 74.2294900222 28.6331300813

wb_c2e_0009.v4_wordsList.txt
29 18.4713375796 64.5753715499 31.6718284345

nw_wsj_2372.v4_wordsList.txt
29 18.125 54.4737745098 33.4278858378

nw_chtb_0099.v4_wordsList.txt
6 20.0 55.8823529412 69.2592592593

bn_cnn_0019.v4_wordsList.txt
3 27.2727272727 87.8787878788 27.2727272727

nw_wsj_2394.v4_wordsList.txt
11 17.7419354839 68.1207233627 32.538569425

wb_a2e_0029.v4_wordsList.txt
19 8.92018779343 71.7131069244 15.8253871052

nw_chtb_0009.v4_wordsList.txt
19 54.2857142857 81.4285714286 45.2216748768

nw_wsj_2367.v4_wordsList.txt
10 19.6078431373 68.7675070028 28.607340372

nw_chtb_0129.v4_wordsList.txt
5 8.47457627119 48.5280999108 49.3644067797

nw_wsj_2351.v4_wordsList.txt
38 29.9212598425 61.6229221347 48.0519998291

bn_cnn_0229.v4_wordsList.txt
14 58.3333333333 83.9743589744 44.8412698413

nw_wsj_2392.v4_wordsList.txt
6 28.5714285714 49.3197278912 58.7301587302

bn_voa_0169.v4_wordsList.txt
4 20.0 59.1666666667 48.4615384615

nw_wsj_2357.v4_wordsList.txt
9 21.4285714286 69.0476190476 36.9047619048

mz_ectb_1049.v4_wordsList.txt
24 10.9589041096 53.8326079512 36.7282112368

bn_voa_0099.v4_wordsList.txt
2 50.0 100.0 50.0

wb_a2e_0019.v4_wordsList.txt
55 49.1071428571 77.6491571471 37.1837797619

bn_voa_0229.v4_wordsList.txt
4 80.0 80.0 70.0

nw_chtb_0069.v4_wordsList.txt
6 26.0869565217 52.8985507246 49.0683229814

bn_nbc_0009.v4_wordsList.txt
2 100.0 100.0 100.0

nw_wsj_2370.v4_wordsList.txt
3 37.5 75.0 45.8333333333

nw_wsj_2366.v4_wordsList.txt
8 7.54716981132 91.3522012579 12.5393081761

mz_ectb_1069.v4_wordsList.txt
14 9.65517241379 80.0459770115 16.9438810007

bn_cnn_0029.v4_wordsList.txt
3 27.2727272727 50.0 66.6666666667

bn_abc_0019.v4_wordsList.txt
5 11.6279069767 79.2248062016 20.6566347469

bn_voa_0139.v4_wordsList.txt
2 22.2222222222 85.1851851852 33.3333333333

nw_chtb_0309.v4_wordsList.txt
10 25.0 51.6666666667 58.4210526316

pt_nt_4709.v4_wordsList.txt
20 18.691588785 83.2027498653 28.7207315848

bn_pri_0049.v4_wordsList.txt
12 11.6504854369 65.5131761442 25.3447496029

wb_c2e_0019.v4_wordsList.txt
7 10.1449275362 78.0193236715 18.9812102035

nw_wsj_2375.v4_wordsList.txt
15 44.1176470588 70.1960784314 41.5294117647

wb_c2e_0049.v4_wordsList.txt
5 8.47457627119 88.747645951 26.3831148065

bn_pri_0019.v4_wordsList.txt
13 11.4035087719 83.0542264753 19.7457930541

nw_wsj_2353.v4_wordsList.txt
7 21.2121212121 56.911976912 42.2924901186

bn_voa_0189.v4_wordsList.txt
2 50.0 100.0 50.0

bn_cnn_0119.v4_wordsList.txt
9 15.5172413793 74.5402298851 30.6513409962

nw_wsj_2399.v4_wordsList.txt
8 20.0 52.9166666667 55.2205882353

nw_wsj_2343.v4_wordsList.txt
9 8.82352941176 64.8901051649 34.0752517223

bn_voa_0239.v4_wordsList.txt
3 33.3333333333 72.2222222222 41.2698412698

bn_cnn_0199.v4_wordsList.txt
3 17.6470588235 66.3865546218 48.4162895928

nw_wsj_2330.v4_wordsList.txt
8 8.08080808081 85.1851851852 16.2833150785

bn_cnn_0329.v4_wordsList.txt
7 16.2790697674 70.1550387597 31.3178294574

bn_voa_0159.v4_wordsList.txt
5 23.8095238095 71.4285714286 49.4505494505

bn_cnn_0399.v4_wordsList.txt
1 25.0 75.0 66.6666666667

nw_chtb_0219.v4_wordsList.txt
2 9.52380952381 76.1904761905 41.6666666667

nw_chtb_0169.v4_wordsList.txt
15 62.5 75.0 68.2291666667

nw_wsj_2384.v4_wordsList.txt
17 12.9770992366 58.6796409697 34.2420937841

bn_cnn_0289.v4_wordsList.txt
7 31.8181818182 69.696969697 38.5026737968

bn_cnn_0279.v4_wordsList.txt
4 100.0 100.0 100.0

bc_cctv_0005.v4_wordsList.txt
112 22.1343873518 25.8601543384 91.6738216364

nw_wsj_2361.v4_wordsList.txt
15 17.8571428571 74.4841269841 29.9960967994

bn_pri_0079.v4_wordsList.txt
6 5.30973451327 79.0560471976 46.055761728

nw_wsj_2325.v4_wordsList.txt
10 17.2413793103 81.1494252874 20.0431034483

nw_wsj_2348.v4_wordsList.txt
7 11.4754098361 57.6673053722 40.3278688525

nw_wsj_2340.v4_wordsList.txt
15 62.5 50.0 79.7008547009

bn_cnn_0319.v4_wordsList.txt
9 33.3333333333 79.6296296296 30.303030303

nw_wsj_2323.v4_wordsList.txt
6 30.0 72.5 36.25

tc_ch_0049.v4_wordsList.txt
24 7.76699029126 38.8074412754 50.5787572131

bn_abc_0029.v4_wordsList.txt
5 11.9047619048 60.0529100529 33.4701696771

wb_c2e_0029.v4_wordsList.txt
14 7.17948717949 73.6872949003 32.5246548323

bn_cnn_0269.v4_wordsList.txt
1 16.6666666667 83.3333333333 46.6666666667

nw_wsj_2350.v4_wordsList.txt
34 55.737704918 70.4713114754 46.2434600628

bn_cnn_0129.v4_wordsList.txt
15 55.5555555556 62.6543209877 51.4814814815

pt_nt_4309.v4_wordsList.txt
59 22.433460076 69.7408234937 37.7222523991

mz_ectb_1059.v4_wordsList.txt
19 13.768115942 49.0979672501 26.5224495595

nw_wsj_2355.v4_wordsList.txt
2 33.3333333333 75.0 60.0

bn_cnn_0059.v4_wordsList.txt
2 50.0 37.5 100.0

bn_voa_0199.v4_wordsList.txt
4 57.1428571429 85.7142857143 47.619047619

nw_wsj_2329.v4_wordsList.txt
12 35.2941176471 64.6867838044 50.8823529412

pt_nt_6619.v4_wordsList.txt
21 13.9072847682 54.2128511665 42.9477243906

nw_chtb_0059.v4_wordsList.txt
24 46.1538461538 72.9264214047 45.5465587045

bn_cnn_0409.v4_wordsList.txt
5 31.25 62.5 43.1818181818

nw_wsj_2395.v4_wordsList.txt
4 15.3846153846 68.4065934066 47.5113122172

nw_wsj_2347.v4_wordsList.txt
24 23.7623762376 50.6154571501 30.3999223452

pt_nt_4409.v4_wordsList.txt
19 6.55172413793 79.9642541367 21.415461624

bc_cnn_0008.v4_wordsList.txt
8 0.616332819723 99.089657988 1.74603743386

bn_cnn_0339.v4_wordsList.txt
28 29.4736842105 83.1174089069 23.7037037037

mz_ectb_1019.v4_wordsList.txt
18 21.1764705882 49.616058281 44.2705882353

bn_cnn_0179.v4_wordsList.txt
9 81.8181818182 87.8787878788 70.9090909091

tc_ch_0009.v4_wordsList.txt
16 4.70588235294 88.9674222836 12.3123065015

bn_cnn_0299.v4_wordsList.txt
6 15.3846153846 67.4786324786 38.1078691424

mz_ectb_1039.v4_wordsList.txt
13 9.70149253731 71.9171997157 25.3304904051

bn_voa_0079.v4_wordsList.txt
7 29.1666666667 75.6944444444 32.4561403509

nw_chtb_0019.v4_wordsList.txt
12 41.3793103448 58.4770114943 50.0821018062

bn_nbc_0029.v4_wordsList.txt
5 7.24637681159 83.4092477571 20.6583149103

nw_wsj_2331.v4_wordsList.txt
12 11.214953271 64.1922563418 33.4080996885

bn_cnn_0309.v4_wordsList.txt
5 8.33333333333 78.5442890443 24.9673202614

bn_cnn_0139.v4_wordsList.txt
3 42.8571428571 85.7142857143 47.619047619

bn_voa_0119.v4_wordsList.txt
3 50.0 83.3333333333 66.6666666667

tc_ch_0039.v4_wordsList.txt
29 9.23566878981 68.5233394871 20.8479461728

nw_wsj_2356.v4_wordsList.txt
15 23.8095238095 66.1375661376 36.6471734893

bn_cnn_0039.v4_wordsList.txt
1 25.0 75.0 66.6666666667

bn_cnn_0379.v4_wordsList.txt
5 27.7777777778 66.6666666667 35.4700854701

nw_wsj_2328.v4_wordsList.txt
12 21.0526315789 64.5781119465 31.9131161236

nw_chtb_0079.v4_wordsList.txt
7 33.3333333333 64.5021645022 49.7732426304

bn_pri_0069.v4_wordsList.txt
4 14.8148148148 75.0 30.6397306397

tc_ch_0029.v4_wordsList.txt
10 2.77008310249 88.6541128043 8.95078874076

nw_chtb_0299.v4_wordsList.txt
14 37.8378378378 69.96996997 49.7747747748

Total weighted recall : 66.6799668792
Total weighted precision : 34.2906822096
B1 score : 45.2904200307
OVER
